68.30540835     43.48660141      007.8076  0000089.144   76.2056679
  00000050.726 035.307172000096.0465  00.89483431105.37698522
21.3122074  00040.74172500084.8432 0090.9353    000020.8317
 82.9112978   8.441372    0052.3318458.00263     32.9693937
      0032.1484439 53.80664362      32.96203182     0017.83257810000027.5678
  3.254348482 0000039.9514   00045.760546  000022.8866066.72604178
     0059.897093.501641300026.159038.3646195    000089.033
     00041.879 00023.222      0006.7298  85.5110437000017.583
   00000017.179   00000048.381 68.97638003   85.38762722  0000097.037
    00000096.644   0000057.167    090.10008099.25354   0000011.1793
   3.32978208298.4813842   0050.5309023   0000054.3657  76.9984664
 00077.43595300017.7104 024.98660173     6.25378024   0048.0704319
  094.7432000011.075     00086.513072   036.4669     000025.5569
  053.828268   000074.16246      0000098.624875.9319071 79.34934
 0021.15713   00073.049528.68053466031.04266615    038.555456
   00061.924578  36.337696000087.01      000043.24899      16.9160094
  7.005563    79.52115496      000046.15696 000061.15740000035.064
000028.7771      0006.42150046.8193774 0074.982269    0023.46953
 35.17423920026.811 000016.464   8.4217489   89.0709167
31.84586885 59.30968  0026.66609    0033.3532     00081.3425
    10.66611377    00087.3165  40.52476804     000043.64491      019.68720181
 037.770765  86.10264532  0056.598914     000051.64     0008.937155
  0000063.007   050.272318     84.276784     41.8573775    034.73465672
    0000096.753      033.61149388    10.06459121   000097.412      18.00734766
   021.52395   86.82251873 000099.208     00052.845  0077.6235
 0099.51278 68.02850852    0083.9691    0058.504    000050.6597
0053.64683 00016.38705   0031.97951      000082.416     0022.45974
 071.53098  0017.6544182     0073.90999      0027.096918.09493548
   7.429450769   000067.81147  0042.69627    074.6703   0084.5133466
 50.31280322    00000025.108      010.21912335     0047.54554  33.1928012
  00035.03627    00000010.389  80.1144208     00078.2616150000081.6009
  57.29726430026.93476      0000082.347   28.492019  8.921744
  00006.9759 0039.5444414    00097.3974   0083.8589516      000076.29343
     0043.5462755  00083.75591  00062.3967317.0184553     47.435254
     072.629865120000054.67  0000015.8193    00097.79047  049.3665
     043.3381508     0000028.5353   0092.562959      047.8944  0011.705733
     51.25984198   000087.8696048.1816800072.235005.5447
   055.503744  055.8347104 59.02023581   0000046.2207 055.88443221
      0040.8475776 077.05692   022.787566  00062.67243 68.7128613
    0044.6663703      000092.6563    00007.131674     0006.473757      50.01984766
      00084.6151     00092.8093     18.930883 80.085919     0040.8287577
     65.4650941.16361295     096.67199608   000000019.86    0000024.572
      0000030.5032.92794103     041.844952000043.94028   00017.89613
     22.0902963      05.62498183     55.5405498   16.41283418  099.5144461
 80.09717008     0007.74099000074.438      0049.89766  010.5257
 00094.103479    00077.341502  72.2630274    00000.99442   0030.186
  000075.2202     000006.585967.1726142   0000080.4839     49.2205205
  00038.566    021.0752 090.01737356     65.9769966    50.6846811
     00088.7945075.6210178    58.610372    0083.7102   00039.7271
      038.29767      073.20219063    0062.3935612 000072.101      000083.14182
  082.90921   000056.5056 014.960803    00002.256  00075.663
   000098.999     0059.13512    0008.950500023.39262      00036.91784
  00000068.325   57.74438346 073.13839215  0000037.8745 000037.7086
      00077.0265      084.261551   52.98507 0000058.0865    00017.593887
  0037.2842    000004.76078   20.5800976   0000040.9387     0086.04841
 0087.81231 10.72824834    0000080.990074.144972 025.9354
 41.22645888  21.51324074     008.49554 000030.39400000033.5
      00000026.832  0022.747      81.954644     00069.796335092.489234
    046.07630033.1201      000001.8996      0000070.5552     83.1932488
 0042.449017.345868      49.59288445      00093.86124      00056.07318
      94.615379     0015.9658907  0000085.717    025.8891616044.9458782
    23.46468163  00021.82906      08.830962041 00072.4589  000052.4169
  0000085.988 00055.5854   62.32418054      0016.762      00059.5794
   56.916888    0051.40795     22.13739403    092.1871    0006.3649551
   060.13198064  000075.93516 5.505211711     099.27868   43.67355186
   6.1225929     61.15988846  09.98628615 81.54750393    069.272581
  000020.1669 0072.9433795     41.5648705115.8042192 38.02669
      0095.6964      00002.780338.5150185600092.905724  0042.4886
    0000047.234  073.28774 082.29139     098.56626097  00000010.829
  0059.905   0017.7979403   0000039.9525      093.0509     92.95321
     00000068.343    000058.65 025.9804     08.7838852     00000018.584
   71.9552483 013.58124080061.12678  08.871722079     00000083.885
50.57900115     025.571336      64.7172062115.62582642 0050.2606
00087.130679    0003.6608641      27.76136  68.9068293 00051.43424
079.8613     66.77322657  00039.993931 0007.581251      33.4419903
    0077.5379    50.416109000059.08434  099.3646 054.8509
 000000092.4    00022.268462   92.30135      0000031.5915  0000089.2848
      0071.25621078.44632500000037.283  0033.072  044.02185
   89.6474758 22.007335    090.61492775.373333900000085.598
   000038.086945.523909015.67256    52.90444      006.7007
  084.10962   000093.796 00000048.461    062.3573     001.4887771
  88.5689439500037.302      6.906893      10.906374    077.799037
 98.2533707    000012.79741 54.74567     00064.243601  05.1071739
 87.76896355     12.7507496  000048.768  57.7179736010.69853839
 006.32563319     25.01891049   000075.7104    0063.99078    68.30179
00067.31715    0032.5626  11.65739948    051.0984016 0065.557
  052.4426327  0073.6546   030.0347342 0010.991823   023.73895
73.9699665     85.639098     038.178936    00032.56816  84.94693832
   000026.611    0016.0002000022.1093      010.06674982.9035281
  0097.8254     020.48464 009.296980963.77177523  0000093.8593
    000029.048    0071.24952 00043.913     000030.39362  000000083.41
   00029.4956     0049.2821      062.178577      48.01904379    0000063.8036
    0053.5696511   43.26052480097.189 0056.63137   000079.9847
     00021.459   0069.3511     59.1327546  0000046.62    65.907405
    56.99687    92.7715771090.21794     000021.12552   00015.95835
 15.87986854032.63905519     0079.368739  00094.56859   27.82052126
  00000059.822 0088.32736018.2056      016.6252 000096.7035
000060.6716    12.59298971   0070.777  70.68477570054.786
    13.25913043  44.43717513    00000077.291  00078.75169 000.7135472
04.930734513.82256     076.961936     93.488011041.6481117
