# 
# ['Tue Apr 29 13:16:11 PDT 2014'] 
# 
23.489  19.123  31.880  19.018  28.526
20.065  29.547  31.506  22.610  27.140
16.690  32.796  11.713  25.289  34.314
30.756  33.446  23.388  18.512  15.420
22.104  18.479  30.921  31.280  29.330
35.482  16.620  16.266  12.876  33.098
24.001  15.170  16.150  14.466  15.317
35.321  33.137  16.288  26.558  19.459
20.366  31.762  18.348  20.764  33.333
30.049  17.633  19.226  30.133  17.798
16.823  13.861  15.242  15.105  20.847
26.203  18.205  22.161  14.110  19.706
31.199  31.939  16.862  20.821  18.499
34.718  34.776  28.113  32.621  14.894
35.333  31.888  15.766  18.737  26.094
27.435  33.793  10.702  26.657  14.732
30.218  28.771  20.629  16.666  22.673
20.325  13.280  28.451  27.753  22.319
16.789  16.646  12.516  29.343  21.864
31.375  21.061  33.656  28.656  17.074
11.152  12.440  27.182  14.216  34.351
26.211  28.475  33.015  27.574  35.259
32.633  33.293  24.532  31.426  13.315
22.470  19.218  18.844  18.753  23.738
22.116  29.034  14.815  25.929  29.459
22.188  21.617  34.583  11.637  28.280
27.700  23.914  19.432  27.745  25.668
29.048  32.278  34.471  22.028  24.603
18.555  28.256  27.407  28.688  17.185
14.327  27.365  16.163  28.729  16.149
32.656  16.002  15.684  16.996  33.627
14.427  17.761  31.731  33.835  23.290
12.730  14.426  25.167  33.004  11.356
31.586  17.304  13.380  19.942  19.842
18.161  27.815  33.409  28.554  35.867
34.843  11.524  27.088  17.230  17.834
29.227  35.247  27.798  33.639  35.276
29.904  11.602  13.891  31.719  21.017
11.310  12.554  21.900  31.605  18.669
21.618  31.136  20.442  17.445  30.601
29.389  20.847  26.690  32.542  22.700
35.235  14.639  28.329  11.380  31.092
16.020  30.276  14.730  11.778  26.297
22.036  14.874  26.174  18.587  11.029
15.827  20.359  33.093  18.977  32.075
31.229  13.101  18.772  12.582  25.963
15.795  29.062  21.726  28.490  35.627
33.517  19.598  14.088  35.170  28.458
33.836  33.962  12.400  17.365  13.578
35.859  22.949  16.174  28.085  17.642
13.567  21.894  18.740  14.210  14.765
25.934  19.583  21.325  13.354  15.222
24.903  13.456  21.430  31.702  23.159
25.849  30.080  19.391  13.195  21.894
11.646  25.957  16.831  14.452  25.479
30.002  27.617  19.202  32.320  17.266
18.972  31.177  27.068  11.198  32.685
31.485  17.161  20.402  33.558  22.094
23.728  16.300  22.752  20.967  17.965
17.198  14.126  17.705  20.476  15.930
18.640  10.882  22.048  21.105  32.445
35.012  11.973  34.082  35.629  32.245
30.367  20.209  25.808  13.777  11.325
16.406  34.364  26.298  21.649  32.711
32.157  16.846  16.094  27.446  13.545
33.922  13.835  21.220  12.741  20.688
33.264  11.265  27.811  20.989  20.174
22.109  29.616  31.341  35.099  28.133
28.691  17.329  32.528  32.605  18.421
17.159  11.215  16.474  29.802  14.193
15.457  21.610  26.942  35.183  28.973
12.117  12.798  11.181  35.908  12.008
32.592  34.094  26.602  35.246  15.466
17.379  14.204  31.339  19.282  18.702
20.298  18.839  33.342  25.244  18.995
28.149  33.216  14.757  19.502  34.940
12.563  19.756  24.084  15.958  35.902
21.413  12.839  15.663  20.571  27.233
22.594  15.142  30.089  12.929  35.207
13.836  12.034  20.207  31.546  25.936
34.626  27.947  29.999  29.209  28.527
29.798  15.688  18.083  14.705  15.298
12.368  16.105  28.925  22.465  33.391
30.746  32.116  13.783  28.136  15.595
28.199  28.445  13.317  27.571  15.141
35.442  18.297  21.912  25.562  20.210
16.272  20.399  10.852  26.286  29.627
29.063  27.039  25.336  24.803  25.127
28.599  27.870  17.528  30.190  11.990
31.382  12.409  16.495  35.999  16.228
26.416  26.989  19.637  11.802  33.419
14.191  14.581  36.106  17.649  16.205
32.658  11.882  27.467  14.177  20.319
17.759  18.614  30.061  29.129  22.541
19.042  18.311  26.046  20.109  13.184
15.567  33.180  15.758  32.591  23.798
22.626  31.608  16.096  32.050  11.805
31.428  35.982  19.517  32.561  19.451
27.093  17.537  25.215  14.938  28.203
32.530  25.003  27.985  21.617  25.405
